
This summary information was generated by BeamDyn on 10-Dec-2019 at 16:55:41.
Blade mass                  (kg)        59359.651
Blade length                 (m)          100.175
Blade center of mass (IEC coords): 
      -1.17954E-01       0.00000E+00       2.72650E+01
Blade mass moment of inertia: 
       8.13781E+07       0.00000E+00       8.77005E+05
       0.00000E+00       8.14030E+07       0.00000E+00
       8.77005E+05       0.00000E+00       2.48631E+04
Global position vector (IEC coords):
       0.00000E+00       0.00000E+00       1.00000E+00
Global rotation tensor (IEC coords):
       1.00000E+00       0.00000E+00       0.00000E+00
       0.00000E+00       1.00000E+00       0.00000E+00
       0.00000E+00       0.00000E+00       1.00000E+00
Initial blade orientation tensor (relative to global rotation tensor):
       1.00000E+00       0.00000E+00       0.00000E+00
       0.00000E+00       1.00000E+00       0.00000E+00
       0.00000E+00       0.00000E+00       1.00000E+00
Global rotation WM parameters (IEC coords):
       0.00000E+00       0.00000E+00       0.00000E+00
Gravity vector (m/s^2) (IEC coords):
       0.00000E+00      -9.80000E+00       0.00000E+00
Analysis type:                      DYNAMIC with quasi-steady-state start
Numerical damping parameter:                                  0.00000E+00
Time increment:                                               2.00000E-03
Maximum number of iterations in Newton-Raphson solution:               10
Convergence parameter:                                        1.00000E-05
Factorization frequency in Newton-Raphson solution:                     5
Quadrature method:                                            Trapezoidal
FE mesh refinement factor:                                              3
Number of elements:                                                     1
Number of nodes:                                                        6

Initial position vectors (IEC coordinate system)
  Element number:    1
  Node Global node          X                 Y                 Z        
  ---- -----------  ----------------- ----------------- -----------------
     1         1         0.00000E+00       0.00000E+00       0.00000E+00
     2         2         1.34295E-01       0.00000E+00       1.17468E+01
     3         3         2.98724E-01       0.00000E+00       3.57371E+01
     4         4        -7.23241E-01       0.00000E+00       6.42592E+01
     5         5        -2.70030E+00       0.00000E+00       8.82495E+01
     6         6        -4.00000E+00       0.00000E+00       9.99963E+01

Initial Weiner-Milenkovic rotation vectors (IEC coordinate system)
  Element number:    1
  Node Global node        WM_x              WM_y              WM_z       
  ---- -----------  ----------------- ----------------- -----------------
     1         1        -3.62757E-04       2.05709E-03      -3.49989E-01
     2         2        -2.53042E-03       1.90490E-02      -2.64507E-01
     3         3         7.37631E-04      -1.33705E-02      -1.10252E-01
     4         4         1.16424E-03      -6.43787E-02      -3.61562E-02
     5         5        -2.23053E-03      -1.00442E-01       4.43808E-02
     6         6        -6.84780E-03      -1.17926E-01       1.15938E-01

Quadrature point position vectors
  Element number:    1
   QP   Global QP           X                 Y                 Z        
  ---- -----------  ----------------- ----------------- -----------------
     1         1         0.00000E+00       0.00000E+00       0.00000E+00
     2         2         2.21002E-02       0.00000E+00       3.33321E+00
     3         3         6.00600E-02       0.00000E+00       6.66642E+00
     4         4         1.07531E-01       0.00000E+00       9.99963E+00
     5         5         1.58891E-01       0.00000E+00       1.33328E+01
     6         6         2.09209E-01       0.00000E+00       1.66660E+01
     7         7         2.54200E-01       0.00000E+00       1.99993E+01
     8         8         2.90185E-01       0.00000E+00       2.33325E+01
     9         9         3.14056E-01       0.00000E+00       2.66657E+01
    10        10         3.23228E-01       0.00000E+00       2.99989E+01
    11        11         3.15603E-01       0.00000E+00       3.33321E+01
    12        12         2.89532E-01       0.00000E+00       3.66653E+01
    13        13         2.43768E-01       0.00000E+00       3.99985E+01
    14        14         1.77432E-01       0.00000E+00       4.33317E+01
    15        15         8.99697E-02       0.00000E+00       4.66649E+01
    16        16        -1.88891E-02       0.00000E+00       4.99982E+01
    17        17        -1.49170E-01       0.00000E+00       5.33314E+01
    18        18        -3.00693E-01       0.00000E+00       5.66646E+01
    19        19        -4.73115E-01       0.00000E+00       5.99978E+01
    20        20        -6.65972E-01       0.00000E+00       6.33310E+01
    21        21        -8.78711E-01       0.00000E+00       6.66642E+01
    22        22        -1.11074E+00       0.00000E+00       6.99974E+01
    23        23        -1.36147E+00       0.00000E+00       7.33306E+01
    24        24        -1.63034E+00       0.00000E+00       7.66638E+01
    25        25        -1.91686E+00       0.00000E+00       7.99970E+01
    26        26        -2.22068E+00       0.00000E+00       8.33302E+01
    27        27        -2.54160E+00       0.00000E+00       8.66635E+01
    28        28        -2.87961E+00       0.00000E+00       8.99967E+01
    29        29        -3.23495E+00       0.00000E+00       9.33299E+01
    30        30        -3.60814E+00       0.00000E+00       9.66631E+01
    31        31        -4.00000E+00       0.00000E+00       9.99963E+01

Quadrature point rotation vectors
  Element number:    1
   QP   Global QP         WM_x              WM_y              WM_z       
  ---- -----------  ----------------- ----------------- -----------------
     1         1        -3.62757E-04       2.05709E-03      -3.49989E-01
     2         2        -1.61580E-03       1.09979E-02      -3.28110E-01
     3         3        -2.29700E-03       1.63664E-02      -3.03782E-01
     4         4        -2.53939E-03       1.87785E-02      -2.78144E-01
     5         5        -2.45769E-03       1.87830E-02      -2.52144E-01
     6         6        -2.14935E-03       1.68642E-02      -2.26556E-01
     7         7        -1.69589E-03       1.34449E-02      -2.01994E-01
     8         8        -1.16414E-03       8.89030E-03      -1.78920E-01
     9         9        -6.07601E-04       3.51172E-03      -1.57661E-01
    10        10        -6.77756E-05      -2.42942E-03      -1.38423E-01
    11        11         4.24470E-04      -8.71749E-03      -1.21297E-01
    12        12         8.47607E-04      -1.51786E-02      -1.06278E-01
    13        13         1.18814E-03      -2.16766E-02      -9.32723E-02
    14        14         1.43933E-03      -2.81093E-02      -8.21130E-02
    15        15         1.59994E-03      -3.44043E-02      -7.25687E-02
    16        16         1.67299E-03      -4.05158E-02      -6.43560E-02
    17        17         1.66454E-03      -4.64206E-02      -5.71516E-02
    18        18         1.58246E-03      -5.21142E-02      -5.06033E-02
    19        19         1.43519E-03      -5.76081E-02      -4.43415E-02
    20        20         1.23056E-03      -6.29253E-02      -3.79908E-02
    21        21         9.74555E-04      -6.80977E-02      -3.11817E-02
    22        22         6.70081E-04      -7.31617E-02      -2.35621E-02
    23        23         3.15770E-04      -7.81557E-02      -1.48092E-02
    24        24        -9.52523E-05      -8.31157E-02      -4.64068E-03
    25        25        -5.76569E-04      -8.80725E-02       7.17294E-03
    26        26        -1.14968E-03      -9.30480E-02       2.07972E-02
    27        27        -1.84518E-03      -9.80519E-02       3.63220E-02
    28        28        -2.70397E-03      -1.03078E-01       5.37500E-02
    29        29        -3.77839E-03      -1.08101E-01       7.29856E-02
    30        30        -5.13341E-03      -1.13075E-01       9.38236E-02
    31        31        -6.84780E-03      -1.17926E-01       1.15938E-01

Sectional stiffness and mass matrices at quadrature points (in IEC coordinates)

Quadrature point number:    1
    5.77504E+09   -1.38211E+05    1.26408E+02    2.44724E+04   -8.77209E+02    2.25599E+04
   -1.38211E+05    5.77491E+09    1.68104E+06   -8.54865E+03    2.81275E+04    1.00333E+07
    1.26408E+02    1.68104E+06    3.96857E+10   -8.93747E+04   -2.68245E+08   -7.40559E+04
    2.44724E+04   -8.54865E+03   -8.93747E+04    9.57361E+10    2.18746E+06    2.62553E+04
   -8.77209E+02    2.81275E+04   -2.68245E+08    2.18746E+06    9.57413E+10   -1.75237E+06
    2.25599E+04    1.00333E+07   -7.40559E+04    2.62553E+04   -1.75237E+06    5.62331E+10

    2.68970E+03    0.00000E+00    0.00000E+00    0.00000E+00    0.00000E+00    3.69245E-03
    0.00000E+00    2.68970E+03    0.00000E+00    0.00000E+00    0.00000E+00   -9.13914E+00
    0.00000E+00    0.00000E+00    2.68970E+03   -3.69245E-03    9.13914E+00    0.00000E+00
    0.00000E+00    0.00000E+00   -3.69245E-03    6.51011E+03    1.48369E-01    0.00000E+00
    0.00000E+00    0.00000E+00    9.13914E+00    1.48369E-01    6.51025E+03    0.00000E+00
    3.69245E-03   -9.13914E+00    0.00000E+00    0.00000E+00    0.00000E+00    1.30204E+04

Quadrature point number:    2
    4.56871E+09   -1.09333E+07   -1.63911E+07   -2.72095E+07   -1.91803E+06   -1.05062E+08
   -1.09333E+07    4.96908E+09    7.47014E+05   -2.10089E+05    1.87275E+06   -3.70615E+07
   -1.63911E+07    7.47014E+05    3.33602E+10    1.46382E+09   -1.25509E+08    2.76626E+07
   -2.72095E+07   -2.10089E+05    1.46382E+09    7.87453E+10    7.09782E+08    5.71399E+07
   -1.91803E+06    1.87275E+06   -1.25509E+08    7.09782E+08    7.47259E+10   -1.92324E+07
   -1.05062E+08   -3.70615E+07    2.76626E+07    5.71399E+07   -1.92324E+07    4.37997E+10

    2.29286E+03    0.00000E+00    0.00000E+00    0.00000E+00    0.00000E+00   -1.08625E+02
    0.00000E+00    2.29286E+03    0.00000E+00    0.00000E+00    0.00000E+00   -1.11936E+01
    0.00000E+00    0.00000E+00    2.29286E+03    1.08625E+02    1.11936E+01    0.00000E+00
    0.00000E+00    0.00000E+00    1.08625E+02    5.40094E+03    3.82958E+01    0.00000E+00
    0.00000E+00    0.00000E+00    1.11936E+01    3.82958E+01    5.09263E+03    0.00000E+00
   -1.08625E+02   -1.11936E+01    0.00000E+00    0.00000E+00    0.00000E+00    1.04936E+04

Quadrature point number:    3
    3.36239E+09   -2.17284E+07   -3.27822E+07   -5.44435E+07   -3.83517E+06   -2.10146E+08
   -2.17284E+07    4.16325E+09   -1.87013E+05   -4.11630E+05    3.71737E+06   -8.41563E+07
   -3.27822E+07   -1.87013E+05    2.70348E+10    2.92773E+09    1.72268E+07    5.53993E+07
   -5.44435E+07   -4.11630E+05    2.92773E+09    6.17545E+10    1.41738E+09    1.14254E+08
   -3.83517E+06    3.71737E+06    1.72268E+07    1.41738E+09    5.37104E+10   -3.67124E+07
   -2.10146E+08   -8.41563E+07    5.53993E+07    1.14254E+08   -3.67124E+07    3.13662E+10

    1.89601E+03    0.00000E+00    0.00000E+00    0.00000E+00    0.00000E+00   -2.17253E+02
    0.00000E+00    1.89601E+03    0.00000E+00    0.00000E+00    0.00000E+00   -1.32480E+01
    0.00000E+00    0.00000E+00    1.89601E+03    2.17253E+02    1.32480E+01    0.00000E+00
    0.00000E+00    0.00000E+00    2.17253E+02    4.29177E+03    7.64432E+01    0.00000E+00
    0.00000E+00    0.00000E+00    1.32480E+01    7.64432E+01    3.67501E+03    0.00000E+00
   -2.17253E+02   -1.32480E+01    0.00000E+00    0.00000E+00    0.00000E+00    7.96679E+03

Quadrature point number:    4
    2.15606E+09   -3.25234E+07   -4.91734E+07   -8.16775E+07   -5.75232E+06   -3.15231E+08
   -3.25234E+07    3.35743E+09   -1.12104E+06   -6.13171E+05    5.56200E+06   -1.31251E+08
   -4.91734E+07   -1.12104E+06    2.07093E+10    4.39164E+09    1.59962E+08    8.31359E+07
   -8.16775E+07   -6.13171E+05    4.39164E+09    4.47637E+10    2.12497E+09    1.71367E+08
   -5.75232E+06    5.56200E+06    1.59962E+08    2.12497E+09    3.26950E+10   -5.41925E+07
   -3.15231E+08   -1.31251E+08    8.31359E+07    1.71367E+08   -5.41925E+07    1.89328E+10

    1.49916E+03    0.00000E+00    0.00000E+00    0.00000E+00    0.00000E+00   -3.25881E+02
    0.00000E+00    1.49916E+03    0.00000E+00    0.00000E+00    0.00000E+00   -1.53025E+01
    0.00000E+00    0.00000E+00    1.49916E+03    3.25881E+02    1.53025E+01    0.00000E+00
    0.00000E+00    0.00000E+00    3.25881E+02    3.18260E+03    1.14591E+02    0.00000E+00
    0.00000E+00    0.00000E+00    1.53025E+01    1.14591E+02    2.25739E+03    0.00000E+00
   -3.25881E+02   -1.53025E+01    0.00000E+00    0.00000E+00    0.00000E+00    5.44000E+03

Quadrature point number:    5
    1.54606E+09   -2.94541E+07   -4.54905E+07   -8.41034E+07   -7.14654E+06   -2.14232E+08
   -2.94541E+07    2.55959E+09   -3.92249E+05   -4.82997E+06   -8.68916E+06   -7.73870E+07
   -4.54905E+07   -3.92249E+05    1.68671E+10    3.97133E+09    1.57644E+08    9.45950E+07
   -8.41034E+07   -4.82997E+06    3.97133E+09    3.47133E+10    1.87103E+09    1.79486E+08
   -7.14654E+06   -8.68916E+06    1.57644E+08    1.87103E+09    2.49447E+10   -3.29995E+07
   -2.14232E+08   -7.73870E+07    9.45950E+07    1.79486E+08   -3.29995E+07    1.33874E+10

    1.20157E+03    0.00000E+00    0.00000E+00    0.00000E+00    0.00000E+00   -3.00242E+02
    0.00000E+00    1.20157E+03    0.00000E+00    0.00000E+00    0.00000E+00   -1.31657E+01
    0.00000E+00    0.00000E+00    1.20157E+03    3.00242E+02    1.31657E+01    0.00000E+00
    0.00000E+00    0.00000E+00    3.00242E+02    2.48813E+03    9.97335E+01    0.00000E+00
    0.00000E+00    0.00000E+00    1.31657E+01    9.97335E+01    1.68478E+03    0.00000E+00
   -3.00242E+02   -1.31657E+01    0.00000E+00    0.00000E+00    0.00000E+00    4.17290E+03

Quadrature point number:    6
    9.36070E+08   -2.63848E+07   -4.18075E+07   -8.65293E+07   -8.54075E+06   -1.13233E+08
   -2.63848E+07    1.76176E+09    3.36541E+05   -9.04677E+06   -2.29403E+07   -2.35229E+07
   -4.18075E+07    3.36541E+05    1.30249E+10    3.55102E+09    1.55325E+08    1.06054E+08
   -8.65293E+07   -9.04677E+06    3.55102E+09    2.46629E+10    1.61710E+09    1.87605E+08
   -8.54075E+06   -2.29403E+07    1.55325E+08    1.61710E+09    1.71945E+10   -1.18065E+07
   -1.13233E+08   -2.35229E+07    1.06054E+08    1.87605E+08   -1.18065E+07    7.84202E+09

    9.03983E+02    0.00000E+00    0.00000E+00    0.00000E+00    0.00000E+00   -2.74604E+02
    0.00000E+00    9.03983E+02    0.00000E+00    0.00000E+00    0.00000E+00   -1.10289E+01
    0.00000E+00    0.00000E+00    9.03983E+02    2.74604E+02    1.10289E+01    0.00000E+00
    0.00000E+00    0.00000E+00    2.74604E+02    1.79365E+03    8.48763E+01    0.00000E+00
    0.00000E+00    0.00000E+00    1.10289E+01    8.48763E+01    1.11216E+03    0.00000E+00
   -2.74604E+02   -1.10289E+01    0.00000E+00    0.00000E+00    0.00000E+00    2.90581E+03

Quadrature point number:    7
    3.26077E+08   -2.33155E+07   -3.81246E+07   -8.89553E+07   -9.93497E+06   -1.22340E+07
   -2.33155E+07    9.63929E+08    1.06533E+06   -1.32636E+07   -3.71915E+07    3.03412E+07
   -3.81246E+07    1.06533E+06    9.18272E+09    3.13071E+09    1.53006E+08    1.17513E+08
   -8.89553E+07   -1.32636E+07    3.13071E+09    1.46126E+10    1.36316E+09    1.95724E+08
   -9.93497E+06   -3.71915E+07    1.53006E+08    1.36316E+09    9.44421E+09    9.38652E+06
   -1.22340E+07    3.03412E+07    1.17513E+08    1.95724E+08    9.38652E+06    2.29664E+09

    6.06392E+02    0.00000E+00    0.00000E+00    0.00000E+00    0.00000E+00   -2.48965E+02
    0.00000E+00    6.06392E+02    0.00000E+00    0.00000E+00    0.00000E+00   -8.89215E+00
    0.00000E+00    0.00000E+00    6.06392E+02    2.48965E+02    8.89215E+00    0.00000E+00
    0.00000E+00    0.00000E+00    2.48965E+02    1.09917E+03    7.00191E+01    0.00000E+00
    0.00000E+00    0.00000E+00    8.89215E+00    7.00191E+01    5.39550E+02    0.00000E+00
   -2.48965E+02   -8.89215E+00    0.00000E+00    0.00000E+00    0.00000E+00    1.63872E+03

Quadrature point number:    8
    2.63976E+08   -2.01880E+07   -3.03529E+07   -7.03957E+07   -7.51604E+06   -8.81689E+06
   -2.01880E+07    8.00558E+08    8.11830E+05   -1.18974E+07   -3.06695E+07    2.14213E+07
   -3.03529E+07    8.11830E+05    8.95271E+09    2.88488E+09    1.57541E+08    9.38242E+07
   -7.03957E+07   -1.18974E+07    2.88488E+09    1.31209E+10    1.15705E+09    1.60588E+08
   -7.51604E+06   -3.06695E+07    1.57541E+08    1.15705E+09    8.26099E+09    7.34938E+06
   -8.81689E+06    2.14213E+07    9.38242E+07    1.60588E+08    7.34938E+06    1.74419E+09

    5.72535E+02    0.00000E+00    0.00000E+00    0.00000E+00    0.00000E+00   -2.33738E+02
    0.00000E+00    5.72535E+02    0.00000E+00    0.00000E+00    0.00000E+00   -9.45413E+00
    0.00000E+00    0.00000E+00    5.72535E+02    2.33738E+02    9.45413E+00    0.00000E+00
    0.00000E+00    0.00000E+00    2.33738E+02    9.88864E+02    6.08350E+01    0.00000E+00
    0.00000E+00    0.00000E+00    9.45413E+00    6.08350E+01    4.60002E+02    0.00000E+00
   -2.33738E+02   -9.45413E+00    0.00000E+00    0.00000E+00    0.00000E+00    1.44887E+03

Quadrature point number:    9
    2.01874E+08   -1.70606E+07   -2.25812E+07   -5.18362E+07   -5.09712E+06   -5.39977E+06
   -1.70606E+07    6.37188E+08    5.58329E+05   -1.05312E+07   -2.41475E+07    1.25014E+07
   -2.25812E+07    5.58329E+05    8.72270E+09    2.63905E+09    1.62075E+08    7.01353E+07
   -5.18362E+07   -1.05312E+07    2.63905E+09    1.16292E+10    9.50947E+08    1.25451E+08
   -5.09712E+06   -2.41475E+07    1.62075E+08    9.50947E+08    7.07777E+09    5.31225E+06
   -5.39977E+06    1.25014E+07    7.01353E+07    1.25451E+08    5.31225E+06    1.19174E+09

    5.38679E+02    0.00000E+00    0.00000E+00    0.00000E+00    0.00000E+00   -2.18511E+02
    0.00000E+00    5.38679E+02    0.00000E+00    0.00000E+00    0.00000E+00   -1.00161E+01
    0.00000E+00    0.00000E+00    5.38679E+02    2.18511E+02    1.00161E+01    0.00000E+00
    0.00000E+00    0.00000E+00    2.18511E+02    8.78557E+02    5.16509E+01    0.00000E+00
    0.00000E+00    0.00000E+00    1.00161E+01    5.16509E+01    3.80455E+02    0.00000E+00
   -2.18511E+02   -1.00161E+01    0.00000E+00    0.00000E+00    0.00000E+00    1.25901E+03

Quadrature point number:   10
    1.39772E+08   -1.39332E+07   -1.48095E+07   -3.32767E+07   -2.67819E+06   -1.98265E+06
   -1.39332E+07    4.73817E+08    3.04828E+05   -9.16508E+06   -1.76255E+07    3.58152E+06
   -1.48095E+07    3.04828E+05    8.49268E+09    2.39322E+09    1.66609E+08    4.64464E+07
   -3.32767E+07   -9.16508E+06    2.39322E+09    1.01375E+10    7.44841E+08    9.03151E+07
   -2.67819E+06   -1.76255E+07    1.66609E+08    7.44841E+08    5.89455E+09    3.27511E+06
   -1.98265E+06    3.58152E+06    4.64464E+07    9.03151E+07    3.27511E+06    6.39295E+08

    5.04822E+02    0.00000E+00    0.00000E+00    0.00000E+00    0.00000E+00   -2.03283E+02
    0.00000E+00    5.04822E+02    0.00000E+00    0.00000E+00    0.00000E+00   -1.05781E+01
    0.00000E+00    0.00000E+00    5.04822E+02    2.03283E+02    1.05781E+01    0.00000E+00
    0.00000E+00    0.00000E+00    2.03283E+02    7.68250E+02    4.24667E+01    0.00000E+00
    0.00000E+00    0.00000E+00    1.05781E+01    4.24667E+01    3.00907E+02    0.00000E+00
   -2.03283E+02   -1.05781E+01    0.00000E+00    0.00000E+00    0.00000E+00    1.06916E+03

Quadrature point number:   11
    1.28083E+08   -1.27672E+07   -1.29626E+07   -2.85557E+07   -2.14901E+06   -5.16080E+05
   -1.27672E+07    4.61048E+08    4.27978E+05   -6.25945E+06   -1.48311E+07   -3.06536E+06
   -1.29626E+07    4.27978E+05    8.67693E+09    2.27662E+09    1.40728E+08    3.95260E+07
   -2.85557E+07   -6.25945E+06    2.27662E+09    9.32216E+09    6.32335E+08    7.62374E+07
   -2.14901E+06   -1.48311E+07    1.40728E+08    6.32335E+08    5.32712E+09    2.53316E+06
   -5.16080E+05   -3.06536E+06    3.95260E+07    7.62374E+07    2.53316E+06    5.58250E+08

    5.00320E+02    0.00000E+00    0.00000E+00    0.00000E+00    0.00000E+00   -1.91387E+02
    0.00000E+00    5.00320E+02    0.00000E+00    0.00000E+00    0.00000E+00   -9.36285E+00
    0.00000E+00    0.00000E+00    5.00320E+02    1.91387E+02    9.36285E+00    0.00000E+00
    0.00000E+00    0.00000E+00    1.91387E+02    6.97811E+02    3.63650E+01    0.00000E+00
    0.00000E+00    0.00000E+00    9.36285E+00    3.63650E+01    2.68894E+02    0.00000E+00
   -1.91387E+02   -9.36285E+00    0.00000E+00    0.00000E+00    0.00000E+00    9.66705E+02

Quadrature point number:   12
    1.16394E+08   -1.16013E+07   -1.11157E+07   -2.38348E+07   -1.61982E+06    9.50495E+05
   -1.16013E+07    4.48280E+08    5.51128E+05   -3.35381E+06   -1.20368E+07   -9.71225E+06
   -1.11157E+07    5.51128E+05    8.86118E+09    2.16003E+09    1.14846E+08    3.26056E+07
   -2.38348E+07   -3.35381E+06    2.16003E+09    8.50681E+09    5.19830E+08    6.21597E+07
   -1.61982E+06   -1.20368E+07    1.14846E+08    5.19830E+08    4.75970E+09    1.79121E+06
    9.50495E+05   -9.71225E+06    3.26056E+07    6.21597E+07    1.79121E+06    4.77205E+08

    4.95818E+02    0.00000E+00    0.00000E+00    0.00000E+00    0.00000E+00   -1.79490E+02
    0.00000E+00    4.95818E+02    0.00000E+00    0.00000E+00    0.00000E+00   -8.14763E+00
    0.00000E+00    0.00000E+00    4.95818E+02    1.79490E+02    8.14763E+00    0.00000E+00
    0.00000E+00    0.00000E+00    1.79490E+02    6.27372E+02    3.02633E+01    0.00000E+00
    0.00000E+00    0.00000E+00    8.14763E+00    3.02633E+01    2.36881E+02    0.00000E+00
   -1.79490E+02   -8.14763E+00    0.00000E+00    0.00000E+00    0.00000E+00    8.64253E+02

Quadrature point number:   13
    1.04705E+08   -1.04353E+07   -9.26874E+06   -1.91138E+07   -1.09064E+06    2.41707E+06
   -1.04353E+07    4.35512E+08    6.74278E+05   -4.48174E+05   -9.24244E+06   -1.63591E+07
   -9.26874E+06    6.74278E+05    9.04543E+09    2.04343E+09    8.89646E+07    2.56853E+07
   -1.91138E+07   -4.48174E+05    2.04343E+09    7.69146E+09    4.07324E+08    4.80821E+07
   -1.09064E+06   -9.24244E+06    8.89646E+07    4.07324E+08    4.19227E+09    1.04925E+06
    2.41707E+06   -1.63591E+07    2.56853E+07    4.80821E+07    1.04925E+06    3.96160E+08

    4.91315E+02    0.00000E+00    0.00000E+00    0.00000E+00    0.00000E+00   -1.67593E+02
    0.00000E+00    4.91315E+02    0.00000E+00    0.00000E+00    0.00000E+00   -6.93240E+00
    0.00000E+00    0.00000E+00    4.91315E+02    1.67593E+02    6.93240E+00    0.00000E+00
    0.00000E+00    0.00000E+00    1.67593E+02    5.56933E+02    2.41617E+01    0.00000E+00
    0.00000E+00    0.00000E+00    6.93240E+00    2.41617E+01    2.04868E+02    0.00000E+00
   -1.67593E+02   -6.93240E+00    0.00000E+00    0.00000E+00    0.00000E+00    7.61800E+02

Quadrature point number:   14
    9.43915E+07   -9.29831E+06   -8.31361E+06   -1.67530E+07   -8.68651E+05    3.00241E+06
   -9.29831E+06    4.21003E+08    4.35277E+05   -1.65762E+06   -7.92206E+06   -6.28146E+06
   -8.31361E+06    4.35277E+05    8.86293E+09    1.88114E+09    7.39994E+07    2.21387E+07
   -1.67530E+07   -1.65762E+06    1.88114E+09    6.80795E+09    3.27528E+08    4.06807E+07
   -8.68651E+05   -7.92206E+06    7.39994E+07    3.27528E+08    3.61154E+09    8.67121E+05
    3.00241E+06   -6.28146E+06    2.21387E+07    4.06807E+07    8.67121E+05    3.36709E+08

    4.75746E+02    0.00000E+00    0.00000E+00    0.00000E+00    0.00000E+00   -1.52221E+02
    0.00000E+00    4.75746E+02    0.00000E+00    0.00000E+00    0.00000E+00   -5.70902E+00
    0.00000E+00    0.00000E+00    4.75746E+02    1.52221E+02    5.70902E+00    0.00000E+00
    0.00000E+00    0.00000E+00    1.52221E+02    4.87260E+02    1.97971E+01    0.00000E+00
    0.00000E+00    0.00000E+00    5.70902E+00    1.97971E+01    1.75410E+02    0.00000E+00
   -1.52221E+02   -5.70902E+00    0.00000E+00    0.00000E+00    0.00000E+00    6.62670E+02

Quadrature point number:   15
    8.40780E+07   -8.16128E+06   -7.35849E+06   -1.43923E+07   -6.46668E+05    3.58776E+06
   -8.16128E+06    4.06495E+08    1.96276E+05   -2.86707E+06   -6.60168E+06    3.79621E+06
   -7.35849E+06    1.96276E+05    8.68042E+09    1.71886E+09    5.90343E+07    1.85922E+07
   -1.43923E+07   -2.86707E+06    1.71886E+09    5.92443E+09    2.47732E+08    3.32793E+07
   -6.46668E+05   -6.60168E+06    5.90343E+07    2.47732E+08    3.03081E+09    6.84990E+05
    3.58776E+06    3.79621E+06    1.85922E+07    3.32793E+07    6.84990E+05    2.77259E+08

    4.60176E+02    0.00000E+00    0.00000E+00    0.00000E+00    0.00000E+00   -1.36848E+02
    0.00000E+00    4.60176E+02    0.00000E+00    0.00000E+00    0.00000E+00   -4.48565E+00
    0.00000E+00    0.00000E+00    4.60176E+02    1.36848E+02    4.48565E+00    0.00000E+00
    0.00000E+00    0.00000E+00    1.36848E+02    4.17587E+02    1.54325E+01    0.00000E+00
    0.00000E+00    0.00000E+00    4.48565E+00    1.54325E+01    1.45953E+02    0.00000E+00
   -1.36848E+02   -4.48565E+00    0.00000E+00    0.00000E+00    0.00000E+00    5.63540E+02

Quadrature point number:   16
    7.37645E+07   -7.02426E+06   -6.40336E+06   -1.20316E+07   -4.24684E+05    4.17310E+06
   -7.02426E+06    3.91986E+08   -4.27252E+04   -4.07653E+06   -5.28130E+06    1.38739E+07
   -6.40336E+06   -4.27252E+04    8.49792E+09    1.55657E+09    4.40691E+07    1.50456E+07
   -1.20316E+07   -4.07653E+06    1.55657E+09    5.04091E+09    1.67936E+08    2.58779E+07
   -4.24684E+05   -5.28130E+06    4.40691E+07    1.67936E+08    2.45007E+09    5.02859E+05
    4.17310E+06    1.38739E+07    1.50456E+07    2.58779E+07    5.02859E+05    2.17808E+08

    4.44607E+02    0.00000E+00    0.00000E+00    0.00000E+00    0.00000E+00   -1.21475E+02
    0.00000E+00    4.44607E+02    0.00000E+00    0.00000E+00    0.00000E+00   -3.26228E+00
    0.00000E+00    0.00000E+00    4.44607E+02    1.21475E+02    3.26228E+00    0.00000E+00
    0.00000E+00    0.00000E+00    1.21475E+02    3.47914E+02    1.10680E+01    0.00000E+00
    0.00000E+00    0.00000E+00    3.26228E+00    1.10680E+01    1.16495E+02    0.00000E+00
   -1.21475E+02   -3.26228E+00    0.00000E+00    0.00000E+00    0.00000E+00    4.64409E+02

Quadrature point number:   17
    6.61145E+07   -6.41478E+06   -5.58097E+06   -1.03197E+07   -3.58380E+05    4.42594E+06
   -6.41478E+06    3.81709E+08   -8.39499E+05   -4.26339E+06   -4.44769E+06    1.97135E+07
   -5.58097E+06   -8.39499E+05    8.20688E+09    1.36521E+09    5.94614E+07    1.27326E+07
   -1.03197E+07   -4.26339E+06    1.36521E+09    4.29790E+09    1.39473E+08    2.10402E+07
   -3.58380E+05   -4.44769E+06    5.94614E+07    1.39473E+08    2.06443E+09    4.21997E+05
    4.42594E+06    1.97135E+07    1.27326E+07    2.10402E+07    4.21997E+05    1.83496E+08

    4.25265E+02    0.00000E+00    0.00000E+00    0.00000E+00    0.00000E+00   -1.05855E+02
    0.00000E+00    4.25265E+02    0.00000E+00    0.00000E+00    0.00000E+00   -3.78935E+00
    0.00000E+00    0.00000E+00    4.25265E+02    1.05855E+02    3.78935E+00    0.00000E+00
    0.00000E+00    0.00000E+00    1.05855E+02    2.93783E+02    9.22468E+00    0.00000E+00
    0.00000E+00    0.00000E+00    3.78935E+00    9.22468E+00    9.77361E+01    0.00000E+00
   -1.05855E+02   -3.78935E+00    0.00000E+00    0.00000E+00    0.00000E+00    3.91520E+02

Quadrature point number:   18
    5.84646E+07   -5.80530E+06   -4.75859E+06   -8.60784E+06   -2.92076E+05    4.67879E+06
   -5.80530E+06    3.71432E+08   -1.63627E+06   -4.45025E+06   -3.61408E+06    2.55531E+07
   -4.75859E+06   -1.63627E+06    7.91584E+09    1.17385E+09    7.48536E+07    1.04195E+07
   -8.60784E+06   -4.45025E+06    1.17385E+09    3.55488E+09    1.11010E+08    1.62025E+07
   -2.92076E+05   -3.61408E+06    7.48536E+07    1.11010E+08    1.67878E+09    3.41134E+05
    4.67879E+06    2.55531E+07    1.04195E+07    1.62025E+07    3.41134E+05    1.49185E+08

    4.05923E+02    0.00000E+00    0.00000E+00    0.00000E+00    0.00000E+00   -9.02349E+01
    0.00000E+00    4.05923E+02    0.00000E+00    0.00000E+00    0.00000E+00   -4.31643E+00
    0.00000E+00    0.00000E+00    4.05923E+02    9.02349E+01    4.31643E+00    0.00000E+00
    0.00000E+00    0.00000E+00    9.02349E+01    2.39653E+02    7.38142E+00    0.00000E+00
    0.00000E+00    0.00000E+00    4.31643E+00    7.38142E+00    7.89773E+01    0.00000E+00
   -9.02349E+01   -4.31643E+00    0.00000E+00    0.00000E+00    0.00000E+00    3.18630E+02

Quadrature point number:   19
    5.08147E+07   -5.19582E+06   -3.93620E+06   -6.89596E+06   -2.25772E+05    4.93163E+06
   -5.19582E+06    3.61155E+08   -2.43305E+06   -4.63712E+06   -2.78047E+06    3.13928E+07
   -3.93620E+06   -2.43305E+06    7.62479E+09    9.82493E+08    9.02459E+07    8.10644E+06
   -6.89596E+06   -4.63712E+06    9.82493E+08    2.81186E+09    8.25475E+07    1.13649E+07
   -2.25772E+05   -2.78047E+06    9.02459E+07    8.25475E+07    1.29313E+09    2.60271E+05
    4.93163E+06    3.13928E+07    8.10644E+06    1.13649E+07    2.60271E+05    1.14873E+08

    3.86582E+02    0.00000E+00    0.00000E+00    0.00000E+00    0.00000E+00   -7.46146E+01
    0.00000E+00    3.86582E+02    0.00000E+00    0.00000E+00    0.00000E+00   -4.84351E+00
    0.00000E+00    0.00000E+00    3.86582E+02    7.46146E+01    4.84351E+00    0.00000E+00
    0.00000E+00    0.00000E+00    7.46146E+01    1.85522E+02    5.53815E+00    0.00000E+00
    0.00000E+00    0.00000E+00    4.84351E+00    5.53815E+00    6.02184E+01    0.00000E+00
   -7.46146E+01   -4.84351E+00    0.00000E+00    0.00000E+00    0.00000E+00    2.45740E+02

Quadrature point number:   20
    4.48696E+07   -5.03121E+06   -3.33410E+06   -5.82009E+06   -1.83329E+05    4.83677E+06
   -5.03121E+06    3.60749E+08   -2.75417E+06   -3.45594E+06   -2.23124E+06    2.23598E+07
   -3.33410E+06   -2.75417E+06    7.26991E+09    8.37405E+08    9.21365E+07    6.89200E+06
   -5.82009E+06   -3.45594E+06    8.37405E+08    2.32500E+09    6.50844E+07    8.97052E+06
   -1.83329E+05   -2.23124E+06    9.21365E+07    6.50844E+07    1.04918E+09    2.18154E+05
    4.83677E+06    2.23598E+07    6.89200E+06    8.97052E+06    2.18154E+05    9.34231E+07

    3.62670E+02    0.00000E+00    0.00000E+00    0.00000E+00    0.00000E+00   -6.29642E+01
    0.00000E+00    3.62670E+02    0.00000E+00    0.00000E+00    0.00000E+00   -4.88383E+00
    0.00000E+00    0.00000E+00    3.62670E+02    6.29642E+01    4.88383E+00    0.00000E+00
    0.00000E+00    0.00000E+00    6.29642E+01    1.52009E+02    4.39277E+00    0.00000E+00
    0.00000E+00    0.00000E+00    4.88383E+00    4.39277E+00    4.87389E+01    0.00000E+00
   -6.29642E+01   -4.88383E+00    0.00000E+00    0.00000E+00    0.00000E+00    2.00748E+02

Quadrature point number:   21
    3.89246E+07   -4.86660E+06   -2.73200E+06   -4.74422E+06   -1.40887E+05    4.74191E+06
   -4.86660E+06    3.60342E+08   -3.07529E+06   -2.27476E+06   -1.68201E+06    1.33269E+07
   -2.73200E+06   -3.07529E+06    6.91503E+09    6.92318E+08    9.40271E+07    5.67756E+06
   -4.74422E+06   -2.27476E+06    6.92318E+08    1.83815E+09    4.76213E+07    6.57616E+06
   -1.40887E+05   -1.68201E+06    9.40271E+07    4.76213E+07    8.05234E+08    1.76037E+05
    4.74191E+06    1.33269E+07    5.67756E+06    6.57616E+06    1.76037E+05    7.19732E+07

    3.38759E+02    0.00000E+00    0.00000E+00    0.00000E+00    0.00000E+00   -5.13139E+01
    0.00000E+00    3.38759E+02    0.00000E+00    0.00000E+00    0.00000E+00   -4.92416E+00
    0.00000E+00    0.00000E+00    3.38759E+02    5.13139E+01    4.92416E+00    0.00000E+00
    0.00000E+00    0.00000E+00    5.13139E+01    1.18497E+02    3.24738E+00    0.00000E+00
    0.00000E+00    0.00000E+00    4.92416E+00    3.24738E+00    3.72594E+01    0.00000E+00
   -5.13139E+01   -4.92416E+00    0.00000E+00    0.00000E+00    0.00000E+00    1.55756E+02

Quadrature point number:   22
    3.29796E+07   -4.70198E+06   -2.12990E+06   -3.66834E+06   -9.84442E+04    4.64704E+06
   -4.70198E+06    3.59936E+08   -3.39641E+06   -1.09358E+06   -1.13278E+06    4.29392E+06
   -2.12990E+06   -3.39641E+06    6.56015E+09    5.47230E+08    9.59177E+07    4.46312E+06
   -3.66834E+06   -1.09358E+06    5.47230E+08    1.35129E+09    3.01582E+07    4.18181E+06
   -9.84442E+04   -1.13278E+06    9.59177E+07    3.01582E+07    5.61286E+08    1.33919E+05
    4.64704E+06    4.29392E+06    4.46312E+06    4.18181E+06    1.33919E+05    5.05233E+07

    3.14848E+02    0.00000E+00    0.00000E+00    0.00000E+00    0.00000E+00   -3.96635E+01
    0.00000E+00    3.14848E+02    0.00000E+00    0.00000E+00    0.00000E+00   -4.96449E+00
    0.00000E+00    0.00000E+00    3.14848E+02    3.96635E+01    4.96449E+00    0.00000E+00
    0.00000E+00    0.00000E+00    3.96635E+01    8.49840E+01    2.10200E+00    0.00000E+00
    0.00000E+00    0.00000E+00    4.96449E+00    2.10200E+00    2.57799E+01    0.00000E+00
   -3.96635E+01   -4.96449E+00    0.00000E+00    0.00000E+00    0.00000E+00    1.10764E+02

Quadrature point number:   23
    2.86654E+07   -4.65373E+06   -1.72539E+06   -3.04618E+06   -7.85660E+04    4.05178E+06
   -4.65373E+06    3.66741E+08   -4.57467E+06   -1.24426E+06   -8.58402E+05    8.70379E+06
   -1.72539E+06   -4.57467E+06    6.06544E+09    4.41744E+08    9.56185E+07    3.56633E+06
   -3.04618E+06   -1.24426E+06    4.41744E+08    1.08571E+09    2.32173E+07    3.11001E+06
   -7.85660E+04   -8.58402E+05    9.56185E+07    2.32173E+07    4.33864E+08    1.05729E+05
    4.05178E+06    8.70379E+06    3.56633E+06    3.11001E+06    1.05729E+05    4.00991E+07

    2.89003E+02    0.00000E+00    0.00000E+00    0.00000E+00    0.00000E+00   -3.20635E+01
    0.00000E+00    2.89003E+02    0.00000E+00    0.00000E+00    0.00000E+00   -4.81518E+00
    0.00000E+00    0.00000E+00    2.89003E+02    3.20635E+01    4.81518E+00    0.00000E+00
    0.00000E+00    0.00000E+00    3.20635E+01    6.77318E+01    1.62419E+00    0.00000E+00
    0.00000E+00    0.00000E+00    4.81518E+00    1.62419E+00    1.99056E+01    0.00000E+00
   -3.20635E+01   -4.81518E+00    0.00000E+00    0.00000E+00    0.00000E+00    8.76374E+01

Quadrature point number:   24
    2.43512E+07   -4.60548E+06   -1.32088E+06   -2.42401E+06   -5.86878E+04    3.45651E+06
   -4.60548E+06    3.73546E+08   -5.75293E+06   -1.39493E+06   -5.84020E+05    1.31137E+07
   -1.32088E+06   -5.75293E+06    5.57074E+09    3.36257E+08    9.53193E+07    2.66954E+06
   -2.42401E+06   -1.39493E+06    3.36257E+08    8.20122E+08    1.62764E+07    2.03822E+06
   -5.86878E+04   -5.84020E+05    9.53193E+07    1.62764E+07    3.06443E+08    7.75395E+04
    3.45651E+06    1.31137E+07    2.66954E+06    2.03822E+06    7.75395E+04    2.96750E+07

    2.63159E+02    0.00000E+00    0.00000E+00    0.00000E+00    0.00000E+00   -2.44634E+01
    0.00000E+00    2.63159E+02    0.00000E+00    0.00000E+00    0.00000E+00   -4.66586E+00
    0.00000E+00    0.00000E+00    2.63159E+02    2.44634E+01    4.66586E+00    0.00000E+00
    0.00000E+00    0.00000E+00    2.44634E+01    5.04795E+01    1.14637E+00    0.00000E+00
    0.00000E+00    0.00000E+00    4.66586E+00    1.14637E+00    1.40313E+01    0.00000E+00
   -2.44634E+01   -4.66586E+00    0.00000E+00    0.00000E+00    0.00000E+00    6.45108E+01

Quadrature point number:   25
    2.00369E+07   -4.55723E+06   -9.16371E+05   -1.80185E+06   -3.88096E+04    2.86125E+06
   -4.55723E+06    3.80351E+08   -6.93119E+06   -1.54561E+06   -3.09639E+05    1.75235E+07
   -9.16371E+05   -6.93119E+06    5.07603E+09    2.30771E+08    9.50200E+07    1.77275E+06
   -1.80185E+06   -1.54561E+06    2.30771E+08    5.54537E+08    9.33549E+06    9.66422E+05
   -3.88096E+04   -3.09639E+05    9.50200E+07    9.33549E+06    1.79022E+08    4.93497E+04
    2.86125E+06    1.75235E+07    1.77275E+06    9.66422E+05    4.93497E+04    1.92509E+07

    2.37314E+02    0.00000E+00    0.00000E+00    0.00000E+00    0.00000E+00   -1.68634E+01
    0.00000E+00    2.37314E+02    0.00000E+00    0.00000E+00    0.00000E+00   -4.51655E+00
    0.00000E+00    0.00000E+00    2.37314E+02    1.68634E+01    4.51655E+00    0.00000E+00
    0.00000E+00    0.00000E+00    1.68634E+01    3.32272E+01    6.68558E-01    0.00000E+00
    0.00000E+00    0.00000E+00    4.51655E+00    6.68558E-01    8.15707E+00    0.00000E+00
   -1.68634E+01   -4.51655E+00    0.00000E+00    0.00000E+00    0.00000E+00    4.13842E+01

Quadrature point number:   26
    1.57604E+07   -3.99589E+06   -6.38688E+05   -1.35960E+06   -2.81579E+04    2.06334E+06
   -3.99589E+06    3.10475E+08   -6.66377E+06   -1.11427E+06   -2.53166E+05    1.20649E+07
   -6.38688E+05   -6.66377E+06    4.11796E+09    1.62733E+08    7.93341E+07    1.34160E+06
   -1.35960E+06   -1.11427E+06    1.62733E+08    4.01272E+08    6.60162E+06    6.75034E+05
   -2.81579E+04   -2.53166E+05    7.93341E+07    6.60162E+06    1.27189E+08    3.66040E+04
    2.06334E+06    1.20649E+07    1.34160E+06    6.75034E+05    3.66040E+04    1.37298E+07

    1.91713E+02    0.00000E+00    0.00000E+00    0.00000E+00    0.00000E+00   -1.20998E+01
    0.00000E+00    1.91713E+02    0.00000E+00    0.00000E+00    0.00000E+00   -3.73978E+00
    0.00000E+00    0.00000E+00    1.91713E+02    1.20998E+01    3.73978E+00    0.00000E+00
    0.00000E+00    0.00000E+00    1.20998E+01    2.39350E+01    4.74801E-01    0.00000E+00
    0.00000E+00    0.00000E+00    3.73978E+00    4.74801E-01    5.79373E+00    0.00000E+00
   -1.20998E+01   -3.73978E+00    0.00000E+00    0.00000E+00    0.00000E+00    2.97288E+01

Quadrature point number:   27
    1.14840E+07   -3.43455E+06   -3.61004E+05   -9.17357E+05   -1.75062E+04    1.26543E+06
   -3.43455E+06    2.40599E+08   -6.39636E+06   -6.82938E+05   -1.96693E+05    6.60628E+06
   -3.61004E+05   -6.39636E+06    3.15988E+09    9.46945E+07    6.36481E+07    9.10441E+05
   -9.17357E+05   -6.82938E+05    9.46945E+07    2.48007E+08    3.86775E+06    3.83646E+05
   -1.75062E+04   -1.96693E+05    6.36481E+07    3.86775E+06    7.53569E+07    2.38583E+04
    1.26543E+06    6.60628E+06    9.10441E+05    3.83646E+05    2.38583E+04    8.20878E+06

    1.46111E+02    0.00000E+00    0.00000E+00    0.00000E+00    0.00000E+00   -7.33623E+00
    0.00000E+00    1.46111E+02    0.00000E+00    0.00000E+00    0.00000E+00   -2.96300E+00
    0.00000E+00    0.00000E+00    1.46111E+02    7.33623E+00    2.96300E+00    0.00000E+00
    0.00000E+00    0.00000E+00    7.33623E+00    1.46429E+01    2.81044E-01    0.00000E+00
    0.00000E+00    0.00000E+00    2.96300E+00    2.81044E-01    3.43039E+00    0.00000E+00
   -7.33623E+00   -2.96300E+00    0.00000E+00    0.00000E+00    0.00000E+00    1.80733E+01

Quadrature point number:   28
    7.20748E+06   -2.87321E+06   -8.33209E+04   -4.75111E+05   -6.85451E+03    4.67517E+05
   -2.87321E+06    1.70723E+08   -6.12894E+06   -2.51603E+05   -1.40220E+05    1.14765E+06
   -8.33209E+04   -6.12894E+06    2.20181E+09    2.66562E+07    4.79621E+07    4.79287E+05
   -4.75111E+05   -2.51603E+05    2.66562E+07    9.47415E+07    1.13387E+06    9.22579E+04
   -6.85451E+03   -1.40220E+05    4.79621E+07    1.13387E+06    2.35245E+07    1.11125E+04
    4.67517E+05    1.14765E+06    4.79287E+05    9.22579E+04    1.11125E+04    2.68772E+06

    1.00510E+02    0.00000E+00    0.00000E+00    0.00000E+00    0.00000E+00   -2.57266E+00
    0.00000E+00    1.00510E+02    0.00000E+00    0.00000E+00    0.00000E+00   -2.18623E+00
    0.00000E+00    0.00000E+00    1.00510E+02    2.57266E+00    2.18623E+00    0.00000E+00
    0.00000E+00    0.00000E+00    2.57266E+00    5.35076E+00    8.72870E-02    0.00000E+00
    0.00000E+00    0.00000E+00    2.18623E+00    8.72870E-02    1.06706E+00    0.00000E+00
   -2.57266E+00   -2.18623E+00    0.00000E+00    0.00000E+00    0.00000E+00    6.41782E+00

Quadrature point number:   29
    5.05977E+06   -1.93815E+06   -6.27618E+04   -3.19023E+05   -4.66697E+03    3.20000E+05
   -1.93815E+06    1.18471E+08   -4.11709E+06   -1.69806E+05   -9.38208E+04    6.78536E+05
