
 The 6X6 Mass Matrix
 ========================================================

     1.2585206299E+00    0.0000000000E+00    0.0000000000E+00    0.0000000000E+00   -1.8873167277E-01   -2.0000294376E+01
     0.0000000000E+00    1.2585206299E+00    0.0000000000E+00    1.8873167277E-01    0.0000000000E+00    0.0000000000E+00
     0.0000000000E+00    0.0000000000E+00    1.2585206299E+00    2.0000294376E+01    0.0000000000E+00    0.0000000000E+00
     0.0000000000E+00    1.8873167277E-01    2.0000294376E+01    1.1396950114E+03    0.0000000000E+00    0.0000000000E+00
    -1.8873167277E-01    0.0000000000E+00    0.0000000000E+00    0.0000000000E+00    1.8886726526E+01    7.0362694364E+01
    -2.0000294376E+01    0.0000000000E+00    0.0000000000E+00    0.0000000000E+00    7.0362694364E+01    1.1208082848E+03

 The Mass Center of the Cross Section
 ========================================================

  Xm2 =    1.5891908246E+01
  Xm3 =   -1.4996311406E-01

 The 6X6 Mass Matrix at the Mass Center
 ========================================================

   1.258520629912E+00  0.000000000000E+00  0.000000000000E+00  0.000000000000E+00  0.000000000000E+00  0.000000000000E+00
   0.000000000000E+00  1.258520629912E+00  0.000000000000E+00  0.000000000000E+00  0.000000000000E+00  0.000000000000E+00
   0.000000000000E+00  0.000000000000E+00  1.258520629912E+00  0.000000000000E+00  0.000000000000E+00  0.000000000000E+00
   0.000000000000E+00  0.000000000000E+00  0.000000000000E+00  8.218238654717E+02  0.000000000000E+00  0.000000000000E+00
   0.000000000000E+00  0.000000000000E+00  0.000000000000E+00  0.000000000000E+00  1.885842373646E+01  6.736338793691E+01
   0.000000000000E+00  0.000000000000E+00  0.000000000000E+00  0.000000000000E+00  6.736338793691E+01  8.029654417353E+02

 The Mass Properties with respect to Principal Inertial Axes
 ========================================================

 Mass Per Unit Span                     =    1.2585206299E+00
 Mass Moments of Intertia about x1 axis =    8.2182386547E+02
 Mass Moments of Intertia about x2 axis =    1.3113265125E+01
 Mass Moments of Intertia about x3 axis =    8.0871060035E+02
 The Principal Inertial Axes Rotated from User Coordinate System by 
     1.7512526445E+02
 Degree about the positive direction of x1 axis.
 The mass-weighted radius of gyration   =    2.5554018504E+01

 The Geometric Center of the Cross Section
 ========================================================

  Xg2 =    1.5891908246E+01
  Xg3 =   -1.4996311406E-01

 Classical Stiffness Matrix (1-extension; 2-twist; 3,4-bending)
 ========================================================

     1.1427338920E+07    7.8706998857E+06   -1.8485250322E+06   -1.8183763240E+08
     7.8706998857E+06    6.8352333867E+08   -1.5737367539E+05   -1.1395188716E+08
    -1.8485250322E+06   -1.5737367539E+05    1.6809559923E+08    6.2990952823E+08
    -1.8183763240E+08   -1.1395188716E+08    6.2990952823E+08    1.0069169631E+10

 Classical Flexibility Matrix (1-extension; 2-twist; 3,4-bending)
 ========================================================

     1.3518748957E-07   -1.0501597832E-09   -9.9510714414E-09    3.0519676585E-09
    -1.0501597832E-09    1.4747428959E-09   -2.1448878964E-12   -2.1409657428E-12
    -9.9510714414E-09   -2.1448878964E-12    8.5074338482E-09   -7.1193927497E-10
     3.0519676585E-09   -2.1409657428E-12   -7.1193927497E-10    1.9894152272E-10

 The Neutral Axes (or Tension Center) of the Cross Section
 ========================================================

  Xt2 =    1.5923977070E+01
  Xt3 =   -1.6289674108E-01

 Timoshenko Stiffness Matrix (1-extension; 2,3-shear, 4-twist; 5,6-bending)
 ========================================================

     1.1463364742E+07   -4.0915720891E+05   -3.4336966248E+04    8.2821486603E+06   -1.7000799125E+06   -1.8127030486E+08
    -4.0915720891E+05    1.4678297334E+07   -1.1982095899E+06   -2.0028134556E+07   -2.0538129117E+06    6.1076803668E+06
    -3.4336966248E+04   -1.1982095899E+06    2.8417211735E+05    2.0389021017E+06   -8.3243838082E+04   -2.5278328889E+06
     8.2821486603E+06   -2.0028134556E+07    2.0389021017E+06    7.1172689126E+08    2.1011177020E+06   -1.2668450859E+08
    -1.7000799125E+06   -2.0538129117E+06   -8.3243838082E+04    2.1011177020E+06    1.6872076102E+08    6.3178693928E+08
    -1.8127030486E+08    6.1076803668E+06   -2.5278328889E+06   -1.2668450859E+08    6.3178693928E+08    1.0093807320E+10

 Timoshenko Flexibility Matrix (1-extension; 2,3-shear, 4-twist; 5,6-bending)
 ========================================================

     1.3518748957E-07    5.4892554388E-09    7.1248646050E-08   -1.0501597832E-09   -9.9510714414E-09    3.0519676585E-09
     5.4892554388E-09    1.0655206276E-07    4.3896836667E-07    1.6893042048E-09    1.2135799945E-09    8.9280129264E-11
     7.1248646050E-08    4.3896836667E-07    5.4250522089E-06   -3.6047369960E-09    8.9152769727E-11    2.3217028103E-09
    -1.0501597832E-09    1.6893042048E-09   -3.6047369960E-09    1.4747428959E-09   -2.1448878964E-12   -2.1409657428E-12
    -9.9510714414E-09    1.2135799945E-09    8.9152769727E-11   -2.1448878964E-12    8.5074338482E-09   -7.1193927497E-10
     3.0519676585E-09    8.9280129264E-11    2.3217028103E-09   -2.1409657428E-12   -7.1193927497E-10    1.9894152272E-10

 The Generalized Shear Center of the Cross Section in the User Coordinate System
 ========================================================

  Xs2 =    2.4443155523E+00
  Xs3 =    1.1454906544E+00
