
 The 6X6 Mass Matrix
 ========================================================

     9.3200546314E-01    0.0000000000E+00    0.0000000000E+00    0.0000000000E+00   -3.7702354159E-01   -1.0908266818E+01
     0.0000000000E+00    9.3200546314E-01    0.0000000000E+00    3.7702354159E-01    0.0000000000E+00    0.0000000000E+00
     0.0000000000E+00    0.0000000000E+00    9.3200546314E-01    1.0908266818E+01    0.0000000000E+00    0.0000000000E+00
     0.0000000000E+00    3.7702354159E-01    1.0908266818E+01    6.8372126667E+02    0.0000000000E+00    0.0000000000E+00
    -3.7702354159E-01    0.0000000000E+00    0.0000000000E+00    0.0000000000E+00    1.7290284052E+01    6.8807831573E+01
    -1.0908266818E+01    0.0000000000E+00    0.0000000000E+00    0.0000000000E+00    6.8807831573E+01    6.6643098262E+02

 The Mass Center of the Cross Section
 ========================================================

  Xm2 =    1.1704080340E+01
  Xm3 =   -4.0452932574E-01

 The 6X6 Mass Matrix at the Mass Center
 ========================================================

   9.320054631449E-01  0.000000000000E+00  0.000000000000E+00  0.000000000000E+00  0.000000000000E+00  0.000000000000E+00
   0.000000000000E+00  9.320054631449E-01  0.000000000000E+00  0.000000000000E+00  0.000000000000E+00  0.000000000000E+00
   0.000000000000E+00  0.000000000000E+00  9.320054631449E-01  0.000000000000E+00  0.000000000000E+00  0.000000000000E+00
   0.000000000000E+00  0.000000000000E+00  0.000000000000E+00  5.558975183770E+02  0.000000000000E+00  0.000000000000E+00
   0.000000000000E+00  0.000000000000E+00  0.000000000000E+00  0.000000000000E+00  1.713776697306E+01  6.439511775238E+01
   0.000000000000E+00  0.000000000000E+00  0.000000000000E+00  0.000000000000E+00  6.439511775238E+01  5.387597514040E+02

 The Mass Properties with respect to Principal Inertial Axes
 ========================================================

 Mass Per Unit Span                     =    9.3200546314E-01
 Mass Moments of Intertia about x1 axis =    5.5589751838E+02
 Mass Moments of Intertia about x2 axis =    9.3056784089E+00
 Mass Moments of Intertia about x3 axis =    5.4659183997E+02
 The Principal Inertial Axes Rotated from User Coordinate System by 
     1.7306543197E+02
 Degree about the positive direction of x1 axis.
 The mass-weighted radius of gyration   =    2.4422388674E+01

 The Geometric Center of the Cross Section
 ========================================================

  Xg2 =    1.6016292426E+01
  Xg3 =   -8.7713553450E-01

 Classical Stiffness Matrix (1-extension; 2-twist; 3,4-bending)
 ========================================================

     8.4991300490E+06    1.2196650384E+07   -4.0260781378E+06   -1.0459855330E+08
     1.2196650384E+07    3.4049124058E+08   -8.5397084086E+06   -1.7636650123E+08
    -4.0260781378E+06   -8.5397084086E+06    1.5027935429E+08    6.1660318086E+08
    -1.0459855330E+08   -1.7636650123E+08    6.1660318086E+08    6.0383351830E+09

 Classical Flexibility Matrix (1-extension; 2-twist; 3,4-bending)
 ========================================================

     1.6756182468E-07   -4.2200989714E-09   -1.2313526597E-08    4.0367086770E-09
    -4.2200989714E-09    3.0974944239E-09   -1.4296984222E-11    1.8828628990E-11
    -1.2313526597E-08   -1.4296984222E-11    1.2392840180E-08   -1.4792095804E-09
     4.0367086770E-09    1.8828628990E-11   -1.4792095804E-09    3.8713318965E-10

 The Neutral Axes (or Tension Center) of the Cross Section
 ========================================================

  Xt2 =    1.2190285954E+01
  Xt3 =   -4.6143265715E-01

 Timoshenko Stiffness Matrix (1-extension; 2,3-shear, 4-twist; 5,6-bending)
 ========================================================

     8.5924861148E+06    3.3756954448E+04   -1.1719188655E+05    1.2385821695E+07   -3.6574026977E+06   -1.0228007749E+08
     3.3756954448E+04    8.3092018240E+06   -9.9577041059E+05   -1.0633999215E+07   -8.0697588781E+06   -1.6515442805E+05
    -1.1719188655E+05   -9.9577041059E+05    2.5666656377E+05    9.9232521941E+05    4.7979544553E+05   -2.7951221443E+06
     1.2385821695E+07   -1.0633999215E+07    9.9232521941E+05    3.5467973420E+08    2.7886001075E+06   -1.7037404827E+08
    -3.6574026977E+06   -8.0697588781E+06    4.7979544553E+05    2.7886001075E+06    1.5984550919E+08    6.2675128851E+08
    -1.0228007749E+08   -1.6515442805E+05   -2.7951221443E+06   -1.7037404827E+08    6.2675128851E+08    6.0960353521E+09

 Timoshenko Flexibility Matrix (1-extension; 2,3-shear, 4-twist; 5,6-bending)
 ========================================================

     1.6756182468E-07    2.2249391451E-09    1.6843328835E-07   -4.2200989714E-09   -1.2313526597E-08    4.0367086770E-09
     2.2249391451E-09    2.4744422568E-07    9.1331279208E-07    4.3536211502E-09    1.2454872184E-08   -6.9604400512E-10
     1.6843328835E-07    9.1331279208E-07    7.5632689034E-06    3.2197878065E-09    3.4781908928E-09    6.0509943531E-09
    -4.2200989714E-09    4.3536211502E-09    3.2197878065E-09    3.0974944239E-09   -1.4296984222E-11    1.8828628990E-11
    -1.2313526597E-08    1.2454872184E-08    3.4781908928E-09   -1.4296984222E-11    1.2392840180E-08   -1.4792095804E-09
     4.0367086770E-09   -6.9604400512E-10    6.0509943531E-09    1.8828628990E-11   -1.4792095804E-09    3.8713318965E-10

 The Generalized Shear Center of the Cross Section in the User Coordinate System
 ========================================================

  Xs2 =   -1.0394813891E+00
  Xs3 =    1.4055299395E+00
