
 The 6X6 Mass Matrix
 ========================================================

     1.7894618428E+00    0.0000000000E+00    0.0000000000E+00    0.0000000000E+00   -1.5197360182E-01   -1.0350446443E+02
     0.0000000000E+00    1.7894618428E+00    0.0000000000E+00    1.5197360182E-01    0.0000000000E+00    0.0000000000E+00
     0.0000000000E+00    0.0000000000E+00    1.7894618428E+00    1.0350446443E+02    0.0000000000E+00    0.0000000000E+00
     0.0000000000E+00    1.5197360182E-01    1.0350446443E+02    8.9088046250E+03    0.0000000000E+00    0.0000000000E+00
    -1.5197360182E-01    0.0000000000E+00    0.0000000000E+00    0.0000000000E+00    5.5698864603E+01    7.1756349459E+00
    -1.0350446443E+02    0.0000000000E+00    0.0000000000E+00    0.0000000000E+00    7.1756349459E+00    8.8531057603E+03

 The Mass Center of the Cross Section
 ========================================================

  Xm2 =    5.7841112871E+01
  Xm3 =   -8.4926986528E-02

 The 6X6 Mass Matrix at the Mass Center
 ========================================================

   1.789461842822E+00  0.000000000000E+00  0.000000000000E+00  0.000000000000E+00  0.000000000000E+00  0.000000000000E+00
   0.000000000000E+00  1.789461842822E+00  0.000000000000E+00  0.000000000000E+00  0.000000000000E+00  0.000000000000E+00
   0.000000000000E+00  0.000000000000E+00  1.789461842822E+00  0.000000000000E+00  0.000000000000E+00  0.000000000000E+00
   0.000000000000E+00  0.000000000000E+00  0.000000000000E+00  2.921978308520E+03  0.000000000000E+00  0.000000000000E+00
   0.000000000000E+00  0.000000000000E+00  0.000000000000E+00  0.000000000000E+00  5.568595794338E+01 -1.614687310257E+00
   0.000000000000E+00  0.000000000000E+00  0.000000000000E+00  0.000000000000E+00 -1.614687310257E+00  2.866292350576E+03

 The Mass Properties with respect to Principal Inertial Axes
 ========================================================

 Mass Per Unit Span                     =    1.7894618428E+00
 Mass Moments of Intertia about x1 axis =    2.9219783085E+03
 Mass Moments of Intertia about x2 axis =    5.5685030309E+01
 Mass Moments of Intertia about x3 axis =    2.8662932782E+03
 The Principal Inertial Axes Rotated from User Coordinate System by 
     3.2916287264E-02
 Degree about the positive direction of x1 axis.
 The mass-weighted radius of gyration   =    4.0408922733E+01

 The Geometric Center of the Cross Section
 ========================================================

  Xg2 =    6.3069982930E+01
  Xg3 =   -9.3966496700E-07

 Classical Stiffness Matrix (1-extension; 2-twist; 3,4-bending)
 ========================================================

     1.6365825725E+07    3.5390843755E+07   -1.2359943728E+06   -9.5652836032E+08
     3.5390843755E+07    2.2303488111E+09   -1.5576251607E+06   -2.0491868654E+09
    -1.2359943728E+06   -1.5576251607E+06    4.8548917472E+08    5.8597143753E+07
    -9.5652836032E+08   -2.0491868654E+09    5.8597143753E+07    8.1277793969E+10

 Classical Flexibility Matrix (1-extension; 2-twist; 3,4-bending)
 ========================================================

     1.9802624803E-07   -1.0247801633E-09    2.2271550302E-10    2.3045003639E-09
    -1.0247801633E-09    4.6429579623E-10   -1.0766544766E-12   -3.5359415831E-13
     2.2271550302E-10   -1.0766544766E-12    2.0602079077E-09    1.1086069808E-12
     2.3045003639E-09   -3.5359415831E-13    1.1086069808E-12    3.9414583693E-11

 The Neutral Axes (or Tension Center) of the Cross Section
 ========================================================

  Xt2 =    5.8466059553E+01
  Xt3 =   -7.6642566347E-02

 Timoshenko Stiffness Matrix (1-extension; 2,3-shear, 4-twist; 5,6-bending)
 ========================================================

     1.6523697062E+07    1.0211271812E+05   -2.3363034694E+05    2.7822481263E+07   -1.3524793865E+06   -9.5490201024E+08
     1.0211271812E+05    1.7670286282E+07   -2.0915142110E+04    2.1037228169E+04   -1.8260628909E+07   -4.5294937204E+06
    -2.3363034694E+05   -2.0915142110E+04    3.4670739374E+05    1.1236615199E+07    3.7887025331E+04   -2.4480797254E+06
     2.7822481263E+07    2.1037228169E+04    1.1236615199E+07    2.5945495976E+09   -1.0519221629E+06   -2.1287129214E+09
    -1.3524793865E+06   -1.8260628909E+07    3.7887025331E+04   -1.0519221629E+06    5.0436063273E+08    6.3162798847E+07
    -9.5490201024E+08   -4.5294937204E+06   -2.4480797254E+06   -2.1287129214E+09    6.3162798847E+07    8.1296317807E+10

 Timoshenko Flexibility Matrix (1-extension; 2,3-shear, 4-twist; 5,6-bending)
 ========================================================

     1.9802624803E-07   -1.0577224041E-10    1.8289472010E-07   -1.0247801633E-09    2.2271550302E-10    2.3045003639E-09
    -1.0577224041E-10    5.8796478581E-08    3.7127059007E-09   -1.4466095658E-11    2.1281490475E-09    1.1305728045E-13
     1.8289472010E-07    3.7127059007E-09    3.5309156020E-06   -1.5741401655E-08    9.6047565584E-11    1.8425474581E-09
    -1.0247801633E-09   -1.4466095658E-11   -1.5741401655E-08    4.6429579623E-10   -1.0766544766E-12   -3.5359415831E-13
     2.2271550302E-10    2.1281490475E-09    9.6047565584E-11   -1.0766544766E-12    2.0602079077E-09    1.1086069808E-12
     2.3045003639E-09    1.1305728045E-13    1.8425474581E-09   -3.5359415831E-13    1.1086069808E-12    3.9414583693E-11

 The Generalized Shear Center of the Cross Section in the User Coordinate System
 ========================================================

  Xs2 =    3.3903821191E+01
  Xs3 =   -3.1157067919E-02
