
 The 6X6 Mass Matrix
 ========================================================

     1.1260168390E+00    0.0000000000E+00    0.0000000000E+00    0.0000000000E+00   -7.5313178577E-01   -1.5591522354E+01
     0.0000000000E+00    1.1260168390E+00    0.0000000000E+00    7.5313178577E-01    0.0000000000E+00    0.0000000000E+00
     0.0000000000E+00    0.0000000000E+00    1.1260168390E+00    1.5591522354E+01    0.0000000000E+00    0.0000000000E+00
     0.0000000000E+00    7.5313178577E-01    1.5591522354E+01    9.6455645567E+02    0.0000000000E+00    0.0000000000E+00
    -7.5313178577E-01    0.0000000000E+00    0.0000000000E+00    0.0000000000E+00    2.3827468774E+01    9.7107343724E+01
    -1.5591522354E+01    0.0000000000E+00    0.0000000000E+00    0.0000000000E+00    9.7107343724E+01    9.4072898690E+02

 The Mass Center of the Cross Section
 ========================================================

  Xm2 =    1.3846615622E+01
  Xm3 =   -6.6884593521E-01

 The 6X6 Mass Matrix at the Mass Center
 ========================================================

   1.126016839034E+00  0.000000000000E+00  0.000000000000E+00  0.000000000000E+00  0.000000000000E+00  0.000000000000E+00
   0.000000000000E+00  1.126016839034E+00  0.000000000000E+00  0.000000000000E+00  0.000000000000E+00  0.000000000000E+00
   0.000000000000E+00  0.000000000000E+00  1.126016839034E+00  0.000000000000E+00  0.000000000000E+00  0.000000000000E+00
   0.000000000000E+00  0.000000000000E+00  0.000000000000E+00  7.481629095559E+02  0.000000000000E+00  0.000000000000E+00
   0.000000000000E+00  0.000000000000E+00  0.000000000000E+00  0.000000000000E+00  2.332373964068E+01  8.667901737366E+01
   0.000000000000E+00  0.000000000000E+00  0.000000000000E+00  0.000000000000E+00  8.667901737366E+01  7.248391699152E+02

 The Mass Properties with respect to Principal Inertial Axes
 ========================================================

 Mass Per Unit Span                     =    1.1260168390E+00
 Mass Moments of Intertia about x1 axis =    7.4816290956E+02
 Mass Moments of Intertia about x2 axis =    1.2772408695E+01
 Mass Moments of Intertia about x3 axis =    7.3539050086E+02
 The Principal Inertial Axes Rotated from User Coordinate System by 
     1.7305960101E+02
 Degree about the positive direction of x1 axis.
 The mass-weighted radius of gyration   =    2.5776600724E+01

 The Geometric Center of the Cross Section
 ========================================================

  Xg2 =    1.6975900749E+01
  Xg3 =   -1.0025333219E+00

 Classical Stiffness Matrix (1-extension; 2-twist; 3,4-bending)
 ========================================================

     1.0282527622E+07    1.1996960426E+07   -7.1974823321E+06   -1.4522369714E+08
     1.1996960426E+07    5.6532994729E+08   -8.1998894559E+06   -1.7207583580E+08
    -7.1974823321E+06   -8.1998894559E+06    2.1126461612E+08    8.7445458118E+08
    -1.4522369714E+08   -1.7207583580E+08    8.7445458118E+08    8.5195930028E+09

 Classical Flexibility Matrix (1-extension; 2-twist; 3,4-bending)
 ========================================================

     1.3907416261E-07   -2.0977036071E-09   -8.6592061788E-09    3.2170530298E-09
    -2.0977036071E-09    1.8137979794E-09   -8.1674651799E-12    1.7156461924E-12
    -8.6592061788E-09   -8.1674651799E-12    8.7797163049E-09   -1.0489222314E-09
     3.2170530298E-09    1.7156461924E-12   -1.0489222314E-09    2.7991036731E-10

 The Neutral Axes (or Tension Center) of the Cross Section
 ========================================================

  Xt2 =    1.4117762334E+01
  Xt3 =   -7.0039035175E-01

 Timoshenko Stiffness Matrix (1-extension; 2,3-shear, 4-twist; 5,6-bending)
 ========================================================

     1.0340582870E+07    3.7625721298E+04   -1.0416587833E+05    1.1967644533E+07   -6.9650647624E+06   -1.4375220570E+08
     3.7625721298E+04    1.1442217672E+07   -1.3732969317E+06   -1.4502646243E+07   -6.5905313210E+06   -2.9661966505E+05
    -1.0416587833E+05   -1.3732969317E+06    3.3623483339E+05    1.7090051792E+06    3.5392870201E+05   -2.4972412337E+06
     1.1967644533E+07   -1.4502646243E+07    1.7090051792E+06    5.8371741653E+08    2.3398571605E+05   -1.7123287356E+08
    -6.9650647624E+06   -6.5905313210E+06    3.5392870201E+05    2.3398571605E+05    2.1617509852E+08    8.8108371245E+08
    -1.4375220570E+08   -2.9661966505E+05   -2.4972412337E+06   -1.7123287356E+08    8.8108371245E+08    8.5570269236E+09

 Timoshenko Flexibility Matrix (1-extension; 2,3-shear, 4-twist; 5,6-bending)
 ========================================================

     1.3907416261E-07    4.6923931810E-09    1.0592096158E-07   -2.0977036071E-09   -8.6592061788E-09    3.2170530298E-09
     4.6923931810E-09    1.7885429390E-07    7.1372306294E-07    2.1954860215E-09    5.2701657239E-09   -2.0539675565E-10
     1.0592096158E-07    7.1372306294E-07    5.9492866545E-06   -8.8054523316E-10    1.8518646387E-09    3.3320514579E-09
    -2.0977036071E-09    2.1954860215E-09   -8.8054523316E-10    1.8137979794E-09   -8.1674651799E-12    1.7156461924E-12
    -8.6592061788E-09    5.2701657239E-09    1.8518646387E-09   -8.1674651799E-12    8.7797163049E-09   -1.0489222314E-09
     3.2170530298E-09   -2.0539675565E-10    3.3320514579E-09    1.7156461924E-12   -1.0489222314E-09    2.7991036731E-10

 The Generalized Shear Center of the Cross Section in the User Coordinate System
 ========================================================

  Xs2 =    4.8547040141E-01
  Xs3 =    1.2104358073E+00
